#zstart1	size2	name1	end1
144	143	U00096.2	287
289	152	U00096.2	441
479	101	U00096.2	580
556	295	U00096.2	851
1064	150	U00096.2	1214
1569	100	U00096.2	1669
1740	100	U00096.2	1840
2256	123	U00096.2	2379
2417	95	U00096.2	2512
2567	100	U00096.2	2667
2792	122	U00096.2	2914
2930	121	U00096.2	3051
3217	341	U00096.2	3558
3560	140	U00096.2	3700
4327	120	U00096.2	4447
4470	104	U00096.2	4574
5027	118	U00096.2	5145
5157	264	U00096.2	5421
5550	72	U00096.2	5600
5589	272	U00096.2	5861
5878	165	U00096.2	6043
6078	103	U00096.2	6181
6395	134	U00096.2	6529
6828	145	U00096.2	6973
7169	124	U00096.2	7293
7299	118	U00096.2	7417
8244	100	U00096.2	8344
8378	103	U00096.2	8481
8473	542	U00096.2	9015
9077	94	U00096.2	9171
9194	230	U00096.2	9424
9605	135	U00096.2	9740
9739	100	U00096.2	9839
9815	98	U00096.2	9913
9938	113	U00096.2	10051
10081	101	U00096.2	10182
10162	453	U00096.2	10615
10767	191	U00096.2	10958
10951	270	U00096.2	11221
11193	107	U00096.2	11300
11777	428	U00096.2	12205
12482	355	U00096.2	12837
12874	98	U00096.2	12972
13037	121	U00096.2	13158
13172	331	U00096.2	13503
13517	98	U00096.2	13615
13605	147	U00096.2	13752
13803	316	U00096.2	14119
14418	346	U00096.2	14764
14776	357	U00096.2	15133
16330	431	U00096.2	16761
16878	121	U00096.2	16999
17008	103	U00096.2	17111
17115	531	U00096.2	17646
17901	116	U00096.2	18017
18037	122	U00096.2	18159
18203	95	U00096.2	18298
18329	100	U00096.2	18429
18413	100	U00096.2	18513
18562	435	U00096.2	18997
19143	521	U00096.2	19664
19719	104	U00096.2	19823
19804	632	U00096.2	20436
20406	61	U00096.2	20467
20437	124	U00096.2	20561
20569	111	U00096.2	20680
20712	162	U00096.2	20874
20900	100	U00096.2	21000
21170	100	U00096.2	21270
21286	114	U00096.2	21400
21423	100	U00096.2	21523
21517	395	U00096.2	21912
21931	116	U00096.2	22047
22026	356	U00096.2	22382
22374	95	U00096.2	22469
22474	134	U00096.2	22608
22593	100	U00096.2	22693
22790	137	U00096.2	22927
22904	114	U00096.2	23018
23093	352	U00096.2	23445
23946	315	U00096.2	24261
24419	466	U00096.2	24885
24897	274	U00096.2	25171
25147	228	U00096.2	25375
25557	155	U00096.2	25712
25710	201	U00096.2	25911
26056	308	U00096.2	26364
26840	204	U00096.2	27044
27572	95	U00096.2	27667
27982	100	U00096.2	28082
28079	293	U00096.2	28372
28616	334	U00096.2	28950
29423	100	U00096.2	29523
29564	144	U00096.2	29708
29747	311	U00096.2	30058
30115	148	U00096.2	30263
30259	255	U00096.2	30514
30587	290	U00096.2	30877
30883	100	U00096.2	30983
31039	100	U00096.2	31139
31578	261	U00096.2	31839
31951	100	U00096.2	32051
32164	100	U00096.2	32264
32285	169	U00096.2	32454
32521	100	U00096.2	32621
32667	120	U00096.2	32787
32834	120	U00096.2	32954
32994	287	U00096.2	33281
33672	257	U00096.2	33929
34296	259	U00096.2	34555
34894	101	U00096.2	34995
35078	379	U00096.2	35457
35448	113	U00096.2	35561
35647	97	U00096.2	35744
35821	136	U00096.2	35957
35963	274	U00096.2	36237
36317	132	U00096.2	36449
36459	101	U00096.2	36560
36728	121	U00096.2	36849
36841	100	U00096.2	36941
36999	100	U00096.2	37099
37407	689	U00096.2	38096
38266	140	U00096.2	38406
38692	272	U00096.2	38964
40279	261	U00096.2	40540
40615	100	U00096.2	40715
41138	264	U00096.2	41402
41386	211	U00096.2	41597
41864	100	U00096.2	41964
41998	104	U00096.2	42102
42335	106	U00096.2	42441
42414	272	U00096.2	42686
42763	262	U00096.2	43025
43068	100	U00096.2	43168
43190	100	U00096.2	43290
43820	224	U00096.2	44044
44348	169	U00096.2	44517
44497	99	U00096.2	44596
44643	100	U00096.2	44743
45652	102	U00096.2	45754
46026	255	U00096.2	46281
46320	165	U00096.2	46485
46491	214	U00096.2	46705
46967	261	U00096.2	47228
47249	107	U00096.2	47356
48144	191	U00096.2	48335
48364	148	U00096.2	48512
48531	202	U00096.2	48733
48741	102	U00096.2	48843
48890	100	U00096.2	48990
49008	100	U00096.2	49108
49323	263	U00096.2	49586
49638	243	U00096.2	49881
50145	117	U00096.2	50262
50381	274	U00096.2	50655
50864	114	U00096.2	50978
50965	372	U00096.2	51337
51423	454	U00096.2	51877
51892	100	U00096.2	51992
53209	96	U00096.2	53305
53281	199	U00096.2	53480
53457	100	U00096.2	53557
53606	105	U00096.2	53711
53682	207	U00096.2	53889
53866	113	U00096.2	53979
54015	104	U00096.2	54119
54132	100	U00096.2	54232
54237	95	U00096.2	54332
54376	100	U00096.2	54476
54556	335	U00096.2	54891
55056	100	U00096.2	55156
55195	100	U00096.2	55295
55753	589	U00096.2	56342
56726	100	U00096.2	56826
57015	123	U00096.2	57138
57169	99	U00096.2	57268
57298	135	U00096.2	57433
57436	285	U00096.2	57721
58130	100	U00096.2	58230
58243	206	U00096.2	58449
58650	320	U00096.2	58970
59039	127	U00096.2	59166
59181	132	U00096.2	59313
59342	133	U00096.2	59475
59454	115	U00096.2	59569
59593	100	U00096.2	59693
60109	129	U00096.2	60238
60383	94	U00096.2	60477
60587	155	U00096.2	60742
60747	140	U00096.2	60887
60945	108	U00096.2	61053
61067	100	U00096.2	61167
61789	998	U00096.2	62787
62799	206	U00096.2	63005
63015	510	U00096.2	63525
63552	120	U00096.2	63672
64081	100	U00096.2	64181
64241	100	U00096.2	64341
64328	100	U00096.2	64428
64708	100	U00096.2	64808
64816	122	U00096.2	64938
65239	115	U00096.2	65354
65405	95	U00096.2	65500
65541	211	U00096.2	65752
65840	100	U00096.2	65940
65984	140	U00096.2	66124
66215	378	U00096.2	66593
66575	61	U00096.2	66636
66606	72	U00096.2	66678
66660	61	U00096.2	66721
67081	231	U00096.2	67312
68273	453	U00096.2	68726
68792	219	U00096.2	69011
69907	318	U00096.2	70225
70257	290	U00096.2	70547
71633	100	U00096.2	71733
71761	96	U00096.2	71857
71844	210	U00096.2	72054
72048	100	U00096.2	72148
72205	131	U00096.2	72336
72346	163	U00096.2	72509
72764	122	U00096.2	72886
73155	199	U00096.2	73354
73437	224	U00096.2	73661
74219	205	U00096.2	74424
74550	116	U00096.2	74666
75069	318	U00096.2	75387
75719	262	U00096.2	75981
75967	341	U00096.2	76308
76391	100	U00096.2	76491
76544	100	U00096.2	76644
76708	100	U00096.2	76808
76820	102	U00096.2	76922
76915	136	U00096.2	77051
77063	101	U00096.2	77164
77597	101	U00096.2	77698
77709	139	U00096.2	77848
77826	100	U00096.2	77926
77925	679	U00096.2	78604
78686	269	U00096.2	78955
79175	102	U00096.2	79277
79278	103	U00096.2	79381
79501	275	U00096.2	79776
79748	92	U00096.2	79840
79888	96	U00096.2	79984
80062	302	U00096.2	80364
80553	320	U00096.2	80873
81102	133	U00096.2	81235
81813	129	U00096.2	81942
81985	100	U00096.2	82085
82557	264	U00096.2	82821
82915	305	U00096.2	83220
83299	398	U00096.2	83697
84147	306	U00096.2	84453
84701	119	U00096.2	84820
84833	103	U00096.2	84936
85060	144	U00096.2	85204
85177	201	U00096.2	85378
85373	229	U00096.2	85602
85811	280	U00096.2	86091
86103	100	U00096.2	86203
86219	126	U00096.2	86345
86536	277	U00096.2	86813
87135	193	U00096.2	87328
87336	321	U00096.2	87657
87697	100	U00096.2	87797
88622	576	U00096.2	89198
89183	232	U00096.2	89415
89408	138	U00096.2	89546
89580	100	U00096.2	89680
89884	118	U00096.2	90002
89997	266	U00096.2	90263
90415	93	U00096.2	90508
91308	205	U00096.2	91513
91487	104	U00096.2	91591
91589	126	U00096.2	91715
91848	120	U00096.2	91968
91954	105	U00096.2	92059
92232	272	U00096.2	92504
92921	119	U00096.2	93040
93047	145	U00096.2	93192
93841	248	U00096.2	94089
94296	209	U00096.2	94505
94556	100	U00096.2	94656
95416	100	U00096.2	95516
95511	129	U00096.2	95640
95703	218	U00096.2	95921
95940	100	U00096.2	96040
96033	131	U00096.2	96164
96284	100	U00096.2	96384
96440	95	U00096.2	96535
96581	120	U00096.2	96701
96715	150	U00096.2	96865
96931	94	U00096.2	97025
97517	269	U00096.2	97786
97778	123	U00096.2	97901
98296	98	U00096.2	98394
98439	100	U00096.2	98539
98649	98	U00096.2	98747
98776	112	U00096.2	98888
99146	93	U00096.2	99239
99264	104	U00096.2	99368
99351	136	U00096.2	99487
99539	143	U00096.2	99682
278997	61	U00096.2	279058
385488	122	U00096.2	385583
607218	431	U00096.2	607255
608548	976	U00096.2	608584
698641	272	U00096.2	698727
1049096	61	U00096.2	1049157
1462512	379	U00096.2	1462787
1775207	261	U00096.2	1775326
2302438	72	U00096.2	2302528
2512284	976	U00096.2	2513260
2655627	331	U00096.2	2655955
2656255	355	U00096.2	2656582
3201161	201	U00096.2	3201248
3477683	202	U00096.2	3477870
3477891	148	U00096.2	3478039
3581452	124	U00096.2	3581576
3581546	61	U00096.2	3581607
3581577	632	U00096.2	3582209
3672403	201	U00096.2	3672495
3748080	378	U00096.2	3748431
3748538	140	U00096.2	3748674
3748718	100	U00096.2	3748805
3850318	280	U00096.2	3850598
3982240	201	U00096.2	3982345
4315945	61	U00096.2	4316002
4315945	61	U00096.2	4316002
