#zstart1	size2	name1	end1
0	5592	U00096.2	5592
5571	14548	U00096.2	20119
20089	61	U00096.2	20150
20120	316	U00096.2	20436
20459	5332	U00096.2	25791
25761	13440	U00096.2	39201
39171	19911	U00096.2	59082
59089	7504	U00096.2	66593
66595	61	U00096.2	66656
66614	5592	U00096.2	66656
66765	33235	U00096.2	100000
278384	14548	U00096.2	278710
278680	61	U00096.2	278741
508007	13440	U00096.2	508050
1049413	61	U00096.2	1049474
1049444	14548	U00096.2	1049784
1455791	13440	U00096.2	1456050
1462512	13440	U00096.2	1463033
1976526	14548	U00096.2	1976850
2252608	13440	U00096.2	2253193
2314908	5332	U00096.2	2315006
2655430	14548	U00096.2	2656891
3201161	13440	U00096.2	3201195
3253242	5332	U00096.2	3253346
3476955	19911	U00096.2	3479150
3581442	5332	U00096.2	3581554
3581577	316	U00096.2	3581893
3581863	61	U00096.2	3581924
3637225	14548	U00096.2	3637314
3706343	19911	U00096.2	3706381
3748080	7504	U00096.2	3748805
3848881	33235	U00096.2	3850767
3982240	13440	U00096.2	3982276
4092365	61	U00096.2	4092416
4244890	33235	U00096.2	4245322
4324069	33235	U00096.2	4324169
4458418	33235	U00096.2	4458471
