chr19	3099981	3100278	CTCF_G1E_peak_1	43	.	3.83830	6.89654	4.36008	271
chr19	5715958	5716255	CTCF_G1E_peak_59	55	.	5.04479	8.16786	5.56857	207
chr19	6260977	6261339	CTCF_G1E_peak_75	70	.	5.34163	9.68083	7.00072	195
chr19	6954021	6954394	CTCF_G1E_peak_90	188	.	9.72924	22.05026	18.83895	223
chr19	8858876	8859251	CTCF_G1E_peak_108	84	.	6.19073	11.15039	8.40039	236
chr19	10525956	10526332	CTCF_G1E_peak_132	126	.	8.05110	15.56950	12.62324	233
chr19	10710109	10710406	CTCF_G1E_peak_138	55	.	4.06564	8.13540	5.53799	67
chr19	10936046	10936491	CTCF_G1E_peak_141	56	.	4.93901	8.30755	5.69843	179
chr19	12134303	12134634	CTCF_G1E_peak_150	121	.	8.58664	15.10288	12.17647	194
chr19	22304316	22304716	CTCF_G1E_peak_182	77	.	6.46942	10.48757	7.76341	218
chr19	22337433	22337730	CTCF_G1E_peak_183	90	.	6.61109	11.85703	9.08083	145
chr19	24194220	24194672	CTCF_G1E_peak_191	126	.	7.81297	15.63288	12.68417	200
chr19	29644789	29645086	CTCF_G1E_peak_219	60	.	5.38351	8.72717	6.09572	149
chr19	30128256	30128558	CTCF_G1E_peak_222	67	.	5.40606	9.44407	6.77021	78
chr19	30664203	30664628	CTCF_G1E_peak_228	95	.	6.41970	12.34026	9.53188	170
chr19	36111098	36111523	CTCF_G1E_peak_252	86	.	6.59540	11.43646	8.67005	216
chr19	37559691	37559988	CTCF_G1E_peak_266	74	.	5.82657	10.15929	7.46035	122
chr19	38775487	38775817	CTCF_G1E_peak_273	50	.	4.73030	7.64079	5.06261	285
chr19	38880249	38880553	CTCF_G1E_peak_275	83	.	5.33068	11.08947	8.34370	244
chr19	39676493	39676907	CTCF_G1E_peak_278	43	.	3.83830	6.89654	4.36008	207
chr19	40363518	40363886	CTCF_G1E_peak_282	85	.	6.08182	11.35123	8.58680	149
chr19	42537551	42537850	CTCF_G1E_peak_316	67	.	5.40606	9.44407	6.77021	177
chr19	43306793	43307090	CTCF_G1E_peak_321	72	.	6.50788	9.90223	7.21708	132
chr19	44754699	44755124	CTCF_G1E_peak_347	97	.	7.53988	12.58786	9.77309	184
chr19	45047341	45047709	CTCF_G1E_peak_352	73	.	5.76547	10.05626	7.36716	185
chr19	45694199	45694496	CTCF_G1E_peak_369	52	.	5.05554	7.87363	5.28411	77
chr19	46137195	46137615	CTCF_G1E_peak_378	95	.	6.69683	12.40721	9.59530	166
chr19	48939819	48940116	CTCF_G1E_peak_412	43	.	3.83830	6.89654	4.36008	202
chr19	49467594	49467891	CTCF_G1E_peak_413	43	.	3.83830	6.89654	4.36008	241
chr19	53753025	53753358	CTCF_G1E_peak_425	68	.	5.42420	9.47523	6.80031	244
chr19	53925260	53925588	CTCF_G1E_peak_428	69	.	5.91283	9.58914	6.91246	95
chr19	54325040	54325407	CTCF_G1E_peak_429	50	.	4.73030	7.64079	5.06261	139
chr19	56503989	56504293	CTCF_G1E_peak_445	91	.	5.58452	11.96646	9.18352	107
