#zstart1	size2	name1	end1
0	99915	U00096.2	100000
5550	111	U00096.2	5678
66635	111	U00096.2	66746
385488	99915	U00096.2	386020
1379237	99915	U00096.2	1379397
2131434	99915	U00096.2	2131492
2302575	111	U00096.2	2302711
2441757	99915	U00096.2	2441904
3040325	99915	U00096.2	3040498
3148620	99915	U00096.2	3148831
3148682	111	U00096.2	3148731
3706293	99915	U00096.2	3706380
3748080	99915	U00096.2	3748805
4025539	99915	U00096.2	4025626
4061545	99915	U00096.2	4061619
4125969	99915	U00096.2	4126071
4151557	99915	U00096.2	4151652
4516494	99915	U00096.2	4517268
4631147	99915	U00096.2	4631262
