
Genomic bins SRR492186 SRR492066 SRR492182 SRR492188 SRR492196 SRR492183 SRR492184 SRR492185 SRR492065 SRR492187 SRR492197 SRR492189 RR492195 SRR492194 SRR492193 SRR492192 SRR492191 SRR492190
bin.1 167.273691234 67.6888840707 54.8581542038 102.432386419 335.75691211 50.1032345346 96.3837705956 175.127948381 71.4206235772 190.391036894 72.5443711751 97.5211895454 4.8343450063 53.3573739336 172.449773135 179.006340933 14.6854308901 14.5231052099 
bin.4 9348.74135924 7247.57718732 4178.39765677 8139.87071851 11597.0338285 4115.24252617 11633.6676786 9219.72095328 7240.04533837 9979.3809095 8745.10331649 8308.15670288 6646.11992194 6550.50576281 6267.15520532 6151.25774332 5780.87918002 5267.85871112 
bin.2 8.88773014051 5.40662766389 1.9862965302 5.83810910566 8.34849879435 1.75111934622 31.7994583353 9.17005397562 6.08779892955 37.5818066421 19.2756303329 5.92962325228 3.45147263821 3.25998802658 1.80422782419 1.62925177615 4.65260255857 4.58390904267 
bin.5 0.552469006474 2034.53464067 1232.38764112 0.875859835543 0.436084246524 1566.78365592 670.257316127 0.747394670296 1869.64095327 108.026881687 4250.6534656 0.356678255592 593.767515891 457.543377789 315.740755117 282.011644229 0.772755463886 1.25143019343 
bin.6 820.872804975 392.88173119 1427.9057101 1033.76142382 1884.33961769 1335.14753615 1027.80728409 850.342196486 427.134461318 2391.50119678 936.681888998 999.273162132 1143.74385659 1187.66015288 1670.02274545 1719.72361026 1136.9025195 1071.64113723 
bin.7 1.45206291187 681.886830157 2.46700794189 1.34789404545 3.08474391373 1.28797853218 2124.19111805 2.31269342449 714.809488062 7.14075511489 590.194971198 0.747524852528 1093.41438366 1124.42718884 6.45968801931 7.17503555529 1.49678102605 3.28720526542 
bin.8 0.0653513339133 3219.44880961 0.223915941953 4.22371066278 0.69838165952 0.18646094998 889.316796159 0.181545983231 3498.78362671 1.19969327285 3366.91093484 0.979569503361 71.4655360747 73.8510833337 1.21136701819 4.11423337608 0.0888346566187 0.259990485396 
bin.3 6.19438018575 23.1789635047 2.7599510798 0.475049624896 1.56320008932 2.5556095451 1.25934283436 6.23791609087 24.2060004146 137.042032182 10.5953107331 0.333898531057 6.6682679552 6.63977040183 78.2915864886 79.4910238323 0.523698974513 0.491073192215
